Diamond:
  .db $86,$00,$00,$61
  .db $8C,$06,$60,$31
  .db $80,$8C,$31,$01
  .db $A8,$18,$18,$15
  .db $E2,$32,$4C,$47
  .db $C0,$60,$06,$03
  .db $88,$C8,$13,$11
  .db $81,$82,$41,$81
  .db $A3,$26,$64,$C5
  .db $86,$0C,$30,$61
  .db $8C,$99,$99,$31
  .db $98,$32,$4C,$19
  .db $82,$00,$00,$41
  .db $98,$32,$4C,$19
  .db $8C,$99,$99,$31
  .db $86,$0C,$30,$61
  .db $A3,$26,$64,$C5
  .db $81,$82,$41,$81
  .db $88,$C8,$13,$11
  .db $C0,$60,$06,$03
  .db $E2,$32,$4C,$47
  .db $A8,$18,$18,$15
  .db $80,$8C,$31,$01
  .db $8C,$06,$60,$31
  .db $86,$00,$00,$61
  .dw $20A2,$20BD,$2362,$237D
  .dw $21EF
  .db $7C,$7F
  .db $0A,$28,$38,$48,$58,$68,$90,$A0,$B0,$C0,$D0
  .db $0A,$28,$38,$48,$58,$68,$90,$A0,$B0,$C0,$D0
  .db $06,$47,$57,$67,$97,$A7,$B7
  .db $06,$47,$57,$67,$97,$A7,$B7